"x","y"
599.759291,0.242253
601.687778,0.241703
603.616264,0.241786
605.54475,0.241743
607.473237,0.241539
609.401723,0.241472
611.33021,0.241341
613.258696,0.240996
615.187183,0.241078
617.115669,0.241171
619.044156,0.240142
620.972642,0.23939
622.901129,0.23852
624.829615,0.237538
626.758102,0.237129
628.686588,0.236478
630.615075,0.235582
632.543561,0.234765
634.472047,0.234144
636.400534,0.233156
638.32902,0.232425
640.257507,0.231932
642.185993,0.230929
644.11448,0.230039
646.042966,0.229715
647.971453,0.22959
649.899939,0.228849
651.828426,0.22858
653.756912,0.228351
655.685399,0.227598
657.613885,0.227471
659.542372,0.226992
661.470858,0.226283
663.399344,0.225348
665.327831,0.226838
667.256317,0.231647
669.184804,0.229176
671.11329,0.223272
673.041777,0.22116
674.970263,0.219695
676.89875,0.218315
678.827236,0.217015
680.755723,0.21544
682.684209,0.214334
684.612696,0.213158
686.541182,0.212007
688.469669,0.21106
690.398155,0.210269
692.326641,0.209546
694.255128,0.208957
696.183614,0.208527
698.112101,0.20774
700.040587,0.207071
701.969074,0.206411
703.89756,0.205439
705.826047,0.204636
707.754533,0.203869
709.68302,0.203041
711.611506,0.202549
713.539993,0.202389
715.468479,0.202605
717.396966,0.204048
719.325452,0.205054
721.253938,0.203744
723.182425,0.201702
725.110911,0.199956
727.039398,0.198556
728.967884,0.197333
730.896371,0.195771
732.824857,0.193737
734.753344,0.192032
736.68183,0.191272
738.610317,0.190613
740.538803,0.189998
742.46729,0.189734
744.395776,0.189411
746.324262,0.188814
748.252749,0.188314
750.181235,0.187995
752.109722,0.187413
754.038208,0.187048
755.966695,0.18683
757.895181,0.186346
759.823668,0.185982
761.752154,0.185774
763.680641,0.18549
765.609127,0.185173
767.537614,0.185011
769.4661,0.184789
771.394587,0.184342
773.323073,0.183772
775.251559,0.183236
777.180046,0.182595
779.108532,0.181836
781.037019,0.181114
782.965505,0.180218
784.893992,0.179491
786.822478,0.178907
788.750965,0.178214
790.679451,0.177661
792.607938,0.177339
794.536424,0.177267
796.464911,0.177285
798.393397,0.177537
800.321884,0.177902
802.25037,0.178178
804.178856,0.178462
806.107343,0.178829
808.035829,0.17939
809.964316,0.179939
811.892802,0.180558
813.821289,0.181141
815.749775,0.181442
817.678262,0.18141
819.606748,0.180969
821.535235,0.180523
823.463721,0.180133
825.392208,0.179666
827.320694,0.179446
829.249181,0.179352
831.177667,0.179132
833.106153,0.179164
835.03464,0.179151
836.963126,0.178692
838.891613,0.178305
840.820099,0.177818
842.748586,0.176939
844.677072,0.175971
846.605559,0.174953
848.534045,0.173753
850.462532,0.172621
852.391018,0.171767
854.319505,0.170889
856.247991,0.170087
858.176478,0.16958
860.104964,0.169195
862.03345,0.168881
863.961937,0.16884
865.890423,0.169112
867.81891,0.16932
869.747396,0.169575
871.675883,0.170139
873.604369,0.170766
875.532856,0.171594
877.461342,0.172879
879.389829,0.174186
881.318315,0.175466
883.246802,0.177091
885.175288,0.178711
887.103775,0.180208
889.032261,0.18185
890.960747,0.183422
892.889234,0.184628
894.81772,0.185454
896.746207,0.185836
898.674693,0.185677
900.60318,0.185154
902.531666,0.184541
904.460153,0.183973
906.388639,0.183541
908.317126,0.183534
910.245612,0.183986
912.174099,0.184665
914.102585,0.185501
916.031072,0.186518
917.959558,0.187793
919.888044,0.189132
921.816531,0.190516
923.745017,0.192082
925.673504,0.19362
927.60199,0.195189
929.530477,0.197086
931.458963,0.19909
933.38745,0.201027
935.315936,0.20333
937.244423,0.205721
939.172909,0.207979
941.101396,0.210599
943.029882,0.213319
944.958369,0.216025
946.886855,0.218979
948.815341,0.221981
950.743828,0.225016
952.672314,0.228241
954.600801,0.231595
956.529287,0.235232
958.457774,0.239015
960.38626,0.242702
962.314747,0.24659
964.243233,0.250509
966.17172,0.254492
968.100206,0.258768
970.028693,0.263019
971.957179,0.267224
973.885666,0.271651
975.814152,0.276338
977.742638,0.281164
979.671125,0.286209
981.599611,0.291303
983.528098,0.296395
985.456584,0.301419
987.385071,0.306147
989.313557,0.310813
991.242044,0.315213
993.17053,0.319199
995.099017,0.323057
997.027503,0.326937
998.95599,0.330858
1000.884476,0.335074
1002.812963,0.339464
1004.741449,0.343886
1006.669935,0.348741
1008.598422,0.353556
1010.526908,0.358489
1012.455395,0.363957
1014.383881,0.369391
1016.312368,0.374618
1018.240854,0.379725
1020.169341,0.384778
1022.097827,0.38947
1024.026314,0.393938
1025.9548,0.398286
1027.883287,0.402109
1029.811773,0.405234
1031.74026,0.407626
1033.668746,0.409122
1035.597232,0.409245
1037.525719,0.408441
1039.454205,0.407237
1041.382692,0.405899
1043.311178,0.405059
1045.239665,0.404791
1047.168151,0.404774
1049.096638,0.405011
1051.025124,0.405476
1052.953611,0.405656
1054.882097,0.405595
1056.810584,0.405536
1058.73907,0.405318
1060.667557,0.404612
1062.596043,0.40338
1064.524529,0.401914
1066.453016,0.400339
1068.381502,0.398899
1070.309989,0.397554
1072.238475,0.396314
1074.166962,0.395049
1076.095448,0.393685
1078.023935,0.392126
1079.952421,0.390051
1081.880908,0.387946
1083.809394,0.385904
1085.737881,0.383777
1087.666367,0.381501
1089.594854,0.379084
1091.52334,0.376552
1093.451826,0.373654
1095.380313,0.37066
1097.308799,0.367745
1099.237286,0.365212
1101.165772,0.363255
1103.094259,0.361684
1105.022745,0.360291
1106.951232,0.35878
1108.879718,0.357088
1110.808205,0.355067
1112.736691,0.352758
1114.665178,0.350274
1116.593664,0.34791
1118.522151,0.345855
1120.450637,0.344091
1122.379123,0.342707
1124.30761,0.341194
1126.236096,0.339259
1128.164583,0.337046
1130.093069,0.334682
1132.021556,0.332329
1133.950042,0.330244
1135.878529,0.328655
1137.807015,0.327553
1139.735502,0.327175
1141.663988,0.327602
1143.592475,0.328552
1145.520961,0.329691
1147.449448,0.331013
1149.377934,0.332518
1151.30642,0.334099
1153.234907,0.335888
1155.163393,0.337602
1157.09188,0.338888
1159.020366,0.339407
1160.948853,0.338959
1162.877339,0.337525
1164.805826,0.335028
1166.734312,0.331737
1168.662799,0.327796
1170.591285,0.323312
1172.519772,0.31851
1174.448258,0.313552
1176.376745,0.308432
1178.305231,0.303205
1180.233717,0.297978
1182.162204,0.293058
1184.09069,0.28901
1186.019177,0.28585
1187.947663,0.28347
1189.87615,0.281819
1191.804636,0.280875
1193.733123,0.280685
1195.661609,0.28127
1197.590096,0.28273
1199.518582,0.284725
1201.447069,0.286838
1203.375555,0.288785
1205.304042,0.290425
1207.232528,0.291696
1209.161014,0.292549
1211.089501,0.293351
1213.017987,0.294213
1214.946474,0.295108
1216.87496,0.296139
1218.803447,0.29723
1220.731933,0.298257
1222.66042,0.299253
1224.588906,0.300228
1226.517393,0.301077
1228.445879,0.30183
1230.374366,0.302415
1232.302852,0.302898
1234.231339,0.303245
1236.159825,0.303453
1238.088311,0.303678
1240.016798,0.303862
1241.945284,0.304131
1243.873771,0.304443
1245.802257,0.30489
1247.730744,0.305527
1249.65923,0.306339
1251.587717,0.307553
1253.516203,0.309036
1255.44469,0.310589
1257.373176,0.312095
1259.301663,0.31373
1261.230149,0.315347
1263.158635,0.316647
1265.087122,0.317727
1267.015608,0.318283
1268.944095,0.318092
1270.872581,0.317135
1272.801068,0.315444
1274.729554,0.313015
1276.658041,0.310059
1278.586527,0.306978
1280.515014,0.303711
1282.4435,0.300238
1284.371987,0.296732
1286.300473,0.293339
1288.22896,0.290078
1290.157446,0.287138
1292.085932,0.284616
1294.014419,0.282264
1295.942905,0.280201
1297.871392,0.278573
1299.799878,0.277272
1301.728365,0.276297
1303.656851,0.275756
1305.585338,0.275467
1307.513824,0.275293
1309.442311,0.275417
1311.370797,0.275639
1313.299284,0.275776
1315.22777,0.275875
1317.156257,0.275715
1319.084743,0.275088
1321.013229,0.274229
1322.941716,0.273349
1324.870202,0.272404
1326.798689,0.271649
1328.727175,0.271225
1330.655662,0.270835
1332.584148,0.270376
1334.512635,0.270019
1336.441121,0.269604
1338.369608,0.269092
1340.298094,0.268608
1342.226581,0.267937
1344.155067,0.267263
1346.083554,0.266785
1348.01204,0.266485
1349.940526,0.266361
1351.869013,0.266416
1353.797499,0.266819
1355.725986,0.267405
1357.654472,0.268172
1359.582959,0.269351
1361.511445,0.27083
1363.439932,0.272153
1365.368418,0.273265
1367.296905,0.274454
1369.225391,0.275293
1371.153878,0.27577
1373.082364,0.27601
1375.010851,0.275673
1376.939337,0.274796
1378.867823,0.273156
1380.79631,0.270296
1382.724796,0.266601
1384.653283,0.264141
1386.581769,0.263548
1388.510256,0.262691
1390.438742,0.261076
1392.367229,0.259723
1394.295715,0.258656
1396.224202,0.25748
1398.152688,0.256546
1400.081175,0.255965
1402.009661,0.255654
1403.938148,0.25607
1405.866634,0.256896
1407.79512,0.258103
1409.723607,0.259845
1411.652093,0.261867
1413.58058,0.264162
1415.509066,0.266485
1417.437553,0.269012
1419.366039,0.270737
1421.294526,0.270903
1423.223012,0.270761
1425.151499,0.270445
1427.079985,0.269864
1429.008472,0.269145
1430.936958,0.267888
1432.865445,0.266256
1434.793931,0.264954
1436.722417,0.26347
1438.650904,0.261221
1440.57939,0.259821
1442.507877,0.259787
1444.436363,0.260797
1446.36485,0.262924
1448.293336,0.265187
1450.221823,0.267102
1452.150309,0.268517
1454.078796,0.269726
1456.007282,0.270633
1457.935769,0.269688
1459.864255,0.26847
1461.792742,0.26951
1463.721228,0.270617
1465.649714,0.268911
1467.578201,0.263924
1469.506687,0.257023
1471.435174,0.249725
1473.36366,0.240447
1475.292147,0.229588
1477.220633,0.220411
1479.14912,0.213693
1481.077606,0.208931
1483.006093,0.205564
1484.934579,0.203493
1486.863066,0.20266
1488.791552,0.20265
1490.720039,0.203135
1492.648525,0.20414
1494.577011,0.206776
1496.505498,0.210417
1498.433984,0.214013
1500.362471,0.218556
1502.290957,0.224495
1504.219444,0.232118
1506.14793,0.239483
1508.076417,0.243633
1510.004903,0.246306
1511.93339,0.248477
1513.861876,0.248793
1515.790363,0.246537
1517.718849,0.241103
1519.647336,0.233952
1521.575822,0.225781
1523.504308,0.217517
1525.432795,0.211545
1527.361281,0.207406
1529.289768,0.204397
1531.218254,0.202882
1533.146741,0.202143
1535.075227,0.201291
1537.003714,0.201631
1538.9322,0.203462
1540.860687,0.203786
1542.789173,0.203302
1544.71766,0.203565
1546.646146,0.203999
1548.574633,0.205026
1550.503119,0.206115
1552.431605,0.207505
1554.360092,0.20904
1556.288578,0.211076
1558.217065,0.214023
1560.145551,0.214826
1562.074038,0.214413
1564.002524,0.215654
1565.931011,0.217871
1567.859497,0.220778
1569.787984,0.224034
1571.71647,0.226984
1573.644957,0.231204
1575.573443,0.236698
1577.50193,0.240988
1579.430416,0.245124
1581.358902,0.250454
1583.287389,0.255996
1585.215875,0.26147
1587.144362,0.26677
1589.072848,0.271872
1591.001335,0.276496
1592.929821,0.280677
1594.858308,0.284382
1596.786794,0.287499
1598.715281,0.290237
1600.643767,0.292699
1602.572254,0.29502
1604.50074,0.296886
1606.429227,0.298498
1608.357713,0.299702
1610.286199,0.300531
1612.214686,0.30115
1614.143172,0.302012
1616.071659,0.303109
1618.000145,0.302689
1619.928632,0.302296
1621.857118,0.303257
1623.785605,0.304218
1625.714091,0.305
1627.642578,0.305749
1629.571064,0.306237
1631.499551,0.306332
1633.428037,0.306906
1635.356524,0.306777
1637.28501,0.304598
1639.213496,0.302002
1641.141983,0.299784
1643.070469,0.298104
1644.998956,0.29707
1646.927442,0.295519
1648.855929,0.29327
1650.784415,0.293115
1652.712902,0.293483
1654.641388,0.29042
1656.569875,0.28691
1658.498361,0.28489
1660.426848,0.283284
1662.355334,0.281645
1664.283821,0.27933
1666.212307,0.277205
1668.140793,0.275844
1670.06928,0.274117
1671.997766,0.272053
1673.926253,0.27078
1675.854739,0.269407
1677.783226,0.267613
1679.711712,0.266553
1681.640199,0.266598
1683.568685,0.267591
1685.497172,0.267112
1687.425658,0.265784
1689.354145,0.266162
1691.282631,0.266802
1693.211118,0.268651
1695.139604,0.271519
1697.06809,0.273197
1698.996577,0.275566
1700.925063,0.277671
1702.85355,0.278695
1704.782036,0.280736
1706.710523,0.282748
1708.639009,0.284136
1710.567496,0.285358
1712.495982,0.286203
1714.424469,0.287047
1716.352955,0.287608
1718.281442,0.286727
1720.209928,0.284617
1722.138415,0.283017
1724.066901,0.281753
1725.995387,0.280298
1727.923874,0.279106
1729.85236,0.277841
1731.780847,0.277121
1733.709333,0.275786
1735.63782,0.271774
1737.566306,0.267047
1739.494793,0.26227
1741.423279,0.256396
1743.351766,0.250229
1745.280252,0.24418
1747.208739,0.238322
1749.137225,0.23287
1751.065711,0.227303
1752.994198,0.221363
1754.922684,0.216002
1756.851171,0.211206
1758.779657,0.206387
1760.708144,0.202168
1762.63663,0.197838
1764.565117,0.193345
1766.493603,0.18958
1768.42209,0.185813
1770.350576,0.182259
1772.279063,0.178598
1774.207549,0.174022
1776.136036,0.169476
1778.064522,0.165365
1779.993008,0.161382
1781.921495,0.157325
1783.849981,0.153213
1785.778468,0.149047
1787.706954,0.144801
1789.635441,0.140912
1791.563927,0.137221
1793.492414,0.132951
1795.4209,0.128467
1797.349387,0.124511
1799.277873,0.12084
1801.20636,0.117099
1803.134846,0.113288
1805.063333,0.109721
1806.991819,0.10643
1808.920305,0.103318
1810.848792,0.100388
1812.777278,0.097403
1814.705765,0.094664
1816.634251,0.092212
1818.562738,0.08984
1820.491224,0.087627
1822.419711,0.085683
1824.348197,0.084006
1826.276684,0.082218
1828.20517,0.080692
1830.133657,0.079289
1832.062143,0.0776
1833.99063,0.076181
1835.919116,0.074956
1837.847602,0.073785
1839.776089,0.072656
1841.704575,0.071911
1843.633062,0.071379
1845.561548,0.070196
1847.490035,0.068986
1849.418521,0.068069
1851.347008,0.067212
1853.275494,0.066502
1855.203981,0.065733
1857.132467,0.065062
1859.060954,0.064472
1860.98944,0.063826
1862.917927,0.06321
1864.846413,0.062701
1866.774899,0.062422
1868.703386,0.062101
1870.631872,0.061468
1872.560359,0.060801
1874.488845,0.060341
1876.417332,0.05998
1878.345818,0.0596
1880.274305,0.059186
1882.202791,0.05887
1884.131278,0.058576
1886.059764,0.058217
1887.988251,0.058043
1889.916737,0.05779
1891.845224,0.057357
1893.77371,0.057106
1895.702196,0.05686
1897.630683,0.056507
1899.559169,0.056205
1901.487656,0.055967
1903.416142,0.055722
1905.344629,0.055452
1907.273115,0.055247
1909.201602,0.055047
1911.130088,0.054813
1913.058575,0.05455
1914.987061,0.054369
1916.915548,0.054353
1918.844034,0.054145
1920.772521,0.053824
1922.701007,0.053642
1924.629493,0.053415
1926.55798,0.053226
1928.486466,0.053082
1930.414953,0.052958
1932.343439,0.052891
1934.271926,0.052772
1936.200412,0.052646
1938.128899,0.052535
1940.057385,0.052532
1941.985872,0.052539
1943.914358,0.05238
1945.842845,0.052231
1947.771331,0.052128
1949.699818,0.05204
1951.628304,0.051956
1953.55679,0.05186
1955.485277,0.05177
1957.413763,0.051673
1959.34225,0.051596
1961.270736,0.051506
1963.199223,0.051419
1965.127709,0.051381
1967.056196,0.051315
1968.984682,0.051177
1970.913169,0.051052
1972.841655,0.050957
1974.770142,0.050867
1976.698628,0.050825
1978.627115,0.050772
1980.555601,0.0507
1982.484087,0.050658
1984.412574,0.050636
1986.34106,0.050601
1988.269547,0.050572
1990.198033,0.050606
1992.12652,0.050594
1994.055006,0.050535
1995.983493,0.050506
1997.911979,0.050445
1999.840466,0.050416
2001.768952,0.050421
2003.697439,0.050395
2005.625925,0.050401
2007.554412,0.050451
2009.482898,0.050477
2011.411384,0.050509
2013.339871,0.050587
2015.268357,0.050662
2017.196844,0.050705
2019.12533,0.050735
2021.053817,0.050752
2022.982303,0.05075
2024.91079,0.050763
2026.839276,0.050764
2028.767763,0.050759
2030.696249,0.050823
2032.624736,0.050865
2034.553222,0.050858
2036.481709,0.050899
2038.410195,0.050944
2040.338681,0.050946
2042.267168,0.050954
2044.195654,0.050963
2046.124141,0.050939
2048.052627,0.050951
2049.981114,0.050988
2051.9096,0.050967
2053.838087,0.050957
2055.766573,0.050976
2057.69506,0.05094
2059.623546,0.050907
2061.552033,0.050937
2063.480519,0.050915
2065.409006,0.050828
2067.337492,0.0508
2069.265978,0.050771
2071.194465,0.050696
2073.122951,0.050655
2075.051438,0.050603
2076.979924,0.050513
2078.908411,0.050463
2080.836897,0.050435
2082.765384,0.050373
2084.69387,0.050321
2086.622357,0.050309
2088.550843,0.050277
2090.47933,0.050243
2092.407816,0.050242
2094.336303,0.050222
2096.264789,0.050173
2098.193275,0.050147
2100.121762,0.05015
2102.050248,0.050158
2103.978735,0.050182
2105.907221,0.050176
2107.835708,0.050129
2109.764194,0.050108
2111.692681,0.050082
2113.621167,0.050063
2115.549654,0.050086
2117.47814,0.050089
2119.406627,0.050074
2121.335113,0.050071
2123.2636,0.050077
2125.192086,0.050099
2127.120572,0.050103
2129.049059,0.050062
2130.977545,0.05004
2132.906032,0.050031
2134.834518,0.050004
2136.763005,0.050001
2138.691491,0.050021
2140.619978,0.050016
2142.548464,0.049965
2144.476951,0.04991
2146.405437,0.049898
2148.333924,0.049908
2150.26241,0.049912
2152.190897,0.049892
2154.119383,0.04985
2156.047869,0.049822
2157.976356,0.049794
2159.904842,0.049737
2161.833329,0.049708
2163.761815,0.049692
2165.690302,0.049613
2167.618788,0.049553
2169.547275,0.049552
2171.475761,0.049508
2173.404248,0.049442
2175.332734,0.049407
2177.261221,0.049354
2179.189707,0.049319
2181.118194,0.049298
2183.04668,0.049243
2184.975166,0.049221
2186.903653,0.049215
2188.832139,0.049138
2190.760626,0.049058
2192.689112,0.049064
2194.617599,0.049064
2196.546085,0.049028
2198.474572,0.049023
2200.403058,0.049005
2202.331545,0.04898
2204.260031,0.048986
2206.188518,0.048972
2208.117004,0.048957
2210.045491,0.048992
2211.973977,0.049014
2213.902463,0.049015
2215.83095,0.049073
2217.759436,0.049134
2219.687923,0.04916
2221.616409,0.049201
2223.544896,0.049224
2225.473382,0.049234
2227.401869,0.049286
2229.330355,0.049362
2231.258842,0.049418
2233.187328,0.049481
2235.115815,0.049566
2237.044301,0.049621
2238.972787,0.049675
2240.901274,0.049762
2242.82976,0.049818
2244.758247,0.049887
2246.686733,0.049999
2248.61522,0.050067
2250.543706,0.050151
2252.472193,0.05028
2254.400679,0.050391
2256.329166,0.050518
2258.257652,0.050654
2260.186139,0.050754
2262.114625,0.050879
2264.043112,0.051055
2265.971598,0.051179
2267.900084,0.051307
2269.828571,0.051633
2271.757057,0.051959
2273.685544,0.052285
2275.61403,0.052611
2277.542517,0.052938
2279.471003,0.053264
2281.39949,0.05359
2283.327976,0.053916
2285.256463,0.054243
2287.184949,0.054569
2289.113436,0.054895
2291.041922,0.055221
2292.970409,0.055547
2294.898895,0.055874
2296.827381,0.0562
2298.755868,0.056526
2300.684354,0.056852
2302.612841,0.057178
2304.541327,0.057505
2306.469814,0.057831
2308.3983,0.058157
2310.326787,0.058483
2312.255273,0.05881
2314.18376,0.059136
2316.112246,0.059462
2318.040733,0.059788
2319.969219,0.060114
2321.897706,0.060441
2323.826192,0.060767
2325.754678,0.061093
2327.683165,0.061419
2329.611651,0.061745
2331.540138,0.062072
2333.468624,0.062398
2335.397111,0.062724
2337.325597,0.06305
2339.254084,0.063377
2341.18257,0.063703
2343.111057,0.064029
2345.039543,0.064355
2346.96803,0.064681
2348.896516,0.065008
2350.825003,0.065334
2352.753489,0.06566
2354.681975,0.065986
2356.610462,0.066312
2358.538948,0.066639
2360.467435,0.066965
2362.395921,0.067291
2364.324408,0.067617
2366.252894,0.067943
2368.181381,0.06827
2370.109867,0.068596
2372.038354,0.068922
2373.96684,0.069248
2375.895327,0.069575
2377.823813,0.069901
2379.7523,0.070227
2381.680786,0.070553
2383.609272,0.070879
2385.537759,0.071206
2387.466245,0.071532
2389.394732,0.071858
2391.323218,0.072184
2393.251705,0.07251
2395.180191,0.072837
2397.108678,0.073163
2399.037164,0.073489
2400.965651,0.073815
2402.894137,0.074142
2404.822624,0.074468
2406.75111,0.074794
2408.679597,0.07512
2410.608083,0.075446
2412.536569,0.075773
2414.465056,0.076099
2416.393542,0.076425
2418.322029,0.076751
2420.250515,0.077077
2422.179002,0.077404
2424.107488,0.07773
2426.035975,0.078056
2427.964461,0.078382
2429.892948,0.078709
2431.821434,0.079035
2433.749921,0.079361
2435.678407,0.079687
2437.606894,0.080013
2439.53538,0.08034
2441.463866,0.080666
2443.392353,0.080992
2445.320839,0.081318
2447.249326,0.081644
2449.177812,0.081971
2451.106299,0.082297
2453.034785,0.082623
2454.963272,0.082949
2456.891758,0.083276
2458.820245,0.083602
2460.748731,0.083928
2462.677218,0.084254
2464.605704,0.08458
2466.534191,0.084907
2468.462677,0.085233
2470.391163,0.085559
2472.31965,0.085885
2474.248136,0.086211
2476.176623,0.086538
2478.105109,0.08701
2480.033596,0.087478
2481.962082,0.087938
2483.890569,0.088386
2485.819055,0.088798
2487.747542,0.089233
2489.676028,0.089707
2491.604515,0.090131
2493.533001,0.090581
2495.461488,0.091037
2497.389974,0.091449
2499.31846,0.091874
2501.246947,0.092306
2503.175433,0.092701
2505.10392,0.093098
2507.032406,0.093534
2508.960893,0.093939
2510.889379,0.094357
2512.817866,0.094798
2514.746352,0.095175
2516.674839,0.09552
2518.603325,0.095906
2520.531812,0.096295
2522.460298,0.096665
2524.388785,0.097091
2526.317271,0.097479
2528.245757,0.097816
2530.174244,0.098221
2532.10273,0.098623
2534.031217,0.098965
2535.959703,0.099305
2537.88819,0.099675
2539.816676,0.100027
2541.745163,0.100367
2543.673649,0.100725
2545.602136,0.101086
2547.530622,0.101427
2549.459109,0.101764
2551.387595,0.102111
2553.316082,0.102479
2555.244568,0.102851
2557.173054,0.103165
2559.101541,0.103505
2561.030027,0.103877
2562.958514,0.104227
2564.887,0.104582
2566.815487,0.104924
2568.743973,0.105289
2570.67246,0.105643
2572.600946,0.105978
2574.529433,0.10632
2576.457919,0.106661
2578.386406,0.107025
2580.314892,0.107363
2582.243379,0.107735
2584.171865,0.108128
2586.100351,0.108474
2588.028838,0.108843
2589.957324,0.109239
2591.885811,0.109614
2593.814297,0.109942
2595.742784,0.110292
2597.67127,0.11067
2599.599757,0.111034
2601.528243,0.111408
2603.45673,0.111762
2605.385216,0.11209
2607.313703,0.112422
2609.242189,0.112756
2611.170676,0.113096
2613.099162,0.113465
2615.027648,0.113811
2616.956135,0.114131
2618.884621,0.1145
2620.813108,0.114849
2622.741594,0.115159
2624.670081,0.115493
2626.598567,0.115817
2628.527054,0.116119
2630.45554,0.116454
2632.384027,0.11679
2634.312513,0.117071
2636.241,0.117386
2638.169486,0.117702
2640.097973,0.117995
2642.026459,0.118318
2643.954945,0.118604
2645.883432,0.118864
2647.811918,0.119135
2649.740405,0.119424
2651.668891,0.119727
2653.597378,0.120016
2655.525864,0.120323
2657.454351,0.120632
2659.382837,0.120916
2661.311324,0.121189
2663.23981,0.121507
2665.168297,0.121858
2667.096783,0.122185
2669.02527,0.122509
2670.953756,0.122822
2672.882242,0.123167
2674.810729,0.123538
2676.739215,0.123854
2678.667702,0.124171
2680.596188,0.124495
2682.524675,0.124816
2684.453161,0.125147
2686.381648,0.125466
2688.310134,0.125791
2690.238621,0.126143
2692.167107,0.126506
2694.095594,0.126829
2696.02408,0.127141
2697.952567,0.127499
2699.881053,0.127892
2701.809539,0.12829
2703.738026,0.128657
2705.666512,0.129024
2707.594999,0.129433
2709.523485,0.129882
2711.451972,0.130338
2713.380458,0.130791
2715.308945,0.131253
2717.237431,0.131718
2719.165918,0.132207
2721.094404,0.132671
2723.022891,0.133088
2724.951377,0.133546
2726.879864,0.134032
2728.80835,0.134466
2730.736836,0.134865
2732.665323,0.135294
2734.593809,0.13573
2736.522296,0.136156
2738.450782,0.136589
2740.379269,0.136996
2742.307755,0.137399
2744.236242,0.137841
2746.164728,0.138278
2748.093215,0.138703
2750.021701,0.139164
2751.950188,0.139621
2753.878674,0.140059
2755.80716,0.140543
2757.735647,0.141059
2759.664133,0.141556
2761.59262,0.14208
2763.521106,0.142636
2765.449593,0.143169
2767.378079,0.143732
2769.306566,0.144352
2771.235052,0.144994
2773.163539,0.145669
2775.092025,0.146387
2777.020512,0.147096
2778.948998,0.147812
2780.877485,0.148573
2782.805971,0.149377
2784.734457,0.150234
2786.662944,0.15109
2788.59143,0.151946
2790.519917,0.152873
2792.448403,0.153859
2794.37689,0.154851
2796.305376,0.155864
2798.233863,0.156958
2800.162349,0.15806
2802.090836,0.159172
2804.019322,0.160378
2805.947809,0.161645
2807.876295,0.162942
2809.804782,0.164287
2811.733268,0.165718
2813.661754,0.167188
2815.590241,0.168749
2817.518727,0.170443
2819.447214,0.172226
2821.3757,0.174176
2823.304187,0.176303
2825.232673,0.178626
2827.16116,0.181205
2829.089646,0.184078
2831.018133,0.187296
2832.946619,0.190976
2834.875106,0.195229
2836.803592,0.200192
2838.732079,0.206199
2840.660565,0.21367
2842.589051,0.22316
2844.517538,0.235534
2846.446024,0.250539
2848.374511,0.263048
2850.302997,0.265805
2852.231484,0.259638
2854.15997,0.251081
2856.088457,0.243692
2858.016943,0.237982
2859.94543,0.233706
2861.873916,0.230826
2863.802403,0.229171
2865.730889,0.228436
2867.659376,0.228307
2869.587862,0.228437
2871.516348,0.228699
2873.444835,0.229054
2875.373321,0.229614
2877.301808,0.23053
2879.230294,0.23187
2881.158781,0.233562
2883.087267,0.235506
2885.015754,0.237681
2886.94424,0.240063
2888.872727,0.242568
2890.801213,0.245058
2892.7297,0.247591
2894.658186,0.250204
2896.586673,0.252874
2898.515159,0.255626
2900.443645,0.258484
2902.372132,0.261609
2904.300618,0.265202
2906.229105,0.269564
2908.157591,0.275156
2910.086078,0.282788
2912.014564,0.293232
2913.943051,0.305787
2915.871537,0.316802
2917.800024,0.322089
2919.72851,0.321361
2921.656997,0.317344
2923.585483,0.312296
2925.51397,0.30722
2927.442456,0.302465
2929.370942,0.297987
2931.299429,0.293565
2933.227915,0.289168
2935.156402,0.28465
2937.084888,0.280074
2939.013375,0.275563
2940.941861,0.271059
2942.870348,0.266544
2944.798834,0.262186
2946.727321,0.258215
2948.655807,0.254726
2950.584294,0.251755
2952.51278,0.249119
2954.441267,0.246537
2956.369753,0.243861
2958.298239,0.241112
2960.226726,0.23836
2962.155212,0.235532
2964.083699,0.232675
2966.012185,0.229787
2967.940672,0.226891
2969.869158,0.224076
2971.797645,0.221306
2973.726131,0.218595
2975.654618,0.216017
2977.583104,0.213578
2979.511591,0.211255
2981.440077,0.209142
2983.368564,0.207241
2985.29705,0.205502
2987.225536,0.203958
2989.154023,0.202612
2991.082509,0.201492
2993.010996,0.200599
2994.939482,0.199938
2996.867969,0.199397
2998.796455,0.198937
3000.724942,0.198586
3002.653428,0.198266
3004.581915,0.198012
3006.510401,0.19782
3008.438888,0.197658
3010.367374,0.197536
3012.295861,0.197499
3014.224347,0.197572
3016.152833,0.197695
3018.08132,0.197902
3020.009806,0.19823
3021.938293,0.198607
3023.866779,0.198999
3025.795266,0.199448
3027.723752,0.199923
3029.652239,0.200438
3031.580725,0.200996
3033.509212,0.201547
3035.437698,0.202152
3037.366185,0.202788
3039.294671,0.203482
3041.223158,0.204247
3043.151644,0.205033
3045.08013,0.205853
3047.008617,0.206693
3048.937103,0.207576
3050.86559,0.208448
3052.794076,0.209362
3054.722563,0.210344
3056.651049,0.211264
3058.579536,0.212228
3060.508022,0.213248
3062.436509,0.2142
3064.364995,0.215135
3066.293482,0.216066
3068.221968,0.21693
3070.150455,0.217783
3072.078941,0.218674
3074.007427,0.219534
3075.935914,0.220352
3077.8644,0.221151
3079.792887,0.221925
3081.721373,0.222708
3083.64986,0.223485
3085.578346,0.224207
3087.506833,0.224931
3089.435319,0.22566
3091.363806,0.226364
3093.292292,0.227083
3095.220779,0.227842
3097.149265,0.228651
3099.077752,0.229448
3101.006238,0.230232
3102.934724,0.231046
3104.863211,0.231904
3106.791697,0.232801
3108.720184,0.233677
3110.64867,0.23453
3112.577157,0.23541
3114.505643,0.236342
3116.43413,0.237253
3118.362616,0.238175
3120.291103,0.239151
3122.219589,0.240145
3124.148076,0.241187
3126.076562,0.242218
3128.005049,0.243213
3129.933535,0.244214
3131.862021,0.245234
3133.790508,0.246249
3135.718994,0.247303
3137.647481,0.248429
3139.575967,0.249521
3141.504454,0.25063
3143.43294,0.251766
3145.361427,0.252885
3147.289913,0.253974
3149.2184,0.255083
3151.146886,0.256269
3153.075373,0.257413
3155.003859,0.258561
3156.932346,0.259745
3158.860832,0.260942
3160.789318,0.262104
3162.717805,0.263224
3164.646291,0.264388
3166.574778,0.265521
3168.503264,0.266702
3170.431751,0.267912
3172.360237,0.269053
3174.288724,0.270217
3176.21721,0.271417
3178.145697,0.272593
3180.074183,0.273726
3182.00267,0.274907
3183.931156,0.276077
3185.859643,0.277192
3187.788129,0.278311
3189.716615,0.279452
3191.645102,0.280618
3193.573588,0.281766
3195.502075,0.282914
3197.430561,0.284029
3199.359048,0.285129
3201.287534,0.286241
3203.216021,0.287357
3205.144507,0.288444
3207.072994,0.2895
3209.00148,0.290608
3210.929967,0.291676
3212.858453,0.292716
3214.78694,0.293745
3216.715426,0.294771
3218.643912,0.295832
3220.572399,0.296857
3222.500885,0.297886
3224.429372,0.298896
3226.357858,0.299886
3228.286345,0.300862
3230.214831,0.301857
3232.143318,0.302864
3234.071804,0.303822
3236.000291,0.304804
3237.928777,0.305796
3239.857264,0.306781
3241.78575,0.307735
3243.714236,0.308703
3245.642723,0.309644
3247.571209,0.31056
3249.499696,0.31157
3251.428182,0.31262
3253.356669,0.313686
3255.285155,0.314634
3257.213642,0.31558
3259.142128,0.316632
3261.070615,0.317639
3262.999101,0.318596
3264.927588,0.319509
3266.856074,0.320444
3268.784561,0.321325
3270.713047,0.322215
3272.641533,0.323173
3274.57002,0.324033
3276.498506,0.324842
3278.426993,0.325623
3280.355479,0.326395
3282.283966,0.327121
3284.212452,0.327765
3286.140939,0.328402
3288.069425,0.329034
3289.997912,0.329647
3291.926398,0.330253
3293.854885,0.330841
3295.783371,0.331355
3297.711858,0.331823
3299.640344,0.332301
3301.56883,0.33284
3303.497317,0.333375
3305.425803,0.333836
3307.35429,0.334265
3309.282776,0.334719
3311.211263,0.335247
3313.139749,0.335749
3315.068236,0.336222
3316.996722,0.33669
3318.925209,0.337228
3320.853695,0.337833
3322.782182,0.338351
3324.710668,0.338902
3326.639155,0.339456
3328.567641,0.339922
3330.496127,0.340426
3332.424614,0.340956
3334.3531,0.341375
3336.281587,0.341751
3338.210073,0.342139
3340.13856,0.342448
3342.067046,0.342684
3343.995533,0.342802
3345.924019,0.342903
3347.852506,0.34306
3349.780992,0.343201
3351.709479,0.343265
3353.637965,0.343253
3355.566452,0.343265
3357.494938,0.343179
3359.423424,0.343105
3361.351911,0.343092
3363.280397,0.342969
3365.208884,0.342826
3367.13737,0.342694
3369.065857,0.342528
3370.994343,0.342285
3372.92283,0.342042
3374.851316,0.341839
3376.779803,0.341619
3378.708289,0.341357
3380.636776,0.341153
3382.565262,0.340996
3384.493749,0.340766
3386.422235,0.340595
3388.350721,0.340397
3390.279208,0.340194
3392.207694,0.339995
3394.136181,0.339698
3396.064667,0.33949
3397.993154,0.339348
3399.92164,0.339179
3401.850127,0.338849
3403.778613,0.338481
3405.7071,0.338212
3407.635586,0.337899
3409.564073,0.337535
3411.492559,0.337164
3413.421046,0.336871
3415.349532,0.336502
3417.278018,0.336042
3419.206505,0.335596
3421.134991,0.335166
3423.063478,0.334739
3424.991964,0.334209
3426.920451,0.33368
3428.848937,0.333183
3430.777424,0.332708
3432.70591,0.332218
3434.634397,0.331679
3436.562883,0.331114
3438.49137,0.330503
3440.419856,0.329895
3442.348343,0.329263
3444.276829,0.328689
3446.205315,0.328149
3448.133802,0.327539
3450.062288,0.326864
3451.990775,0.326217
3453.919261,0.32558
3455.847748,0.324834
3457.776234,0.324101
3459.704721,0.323386
3461.633207,0.32266
3463.561694,0.321869
3465.49018,0.321077
3467.418667,0.320348
3469.347153,0.31957
3471.27564,0.318766
3473.204126,0.317884
3475.132612,0.317048
3477.061099,0.31621
3478.989585,0.315319
3480.918072,0.314434
3482.846558,0.313465
3484.775045,0.312465
3486.703531,0.311436
3488.632018,0.310477
3490.560504,0.309477
3492.488991,0.308429
3494.417477,0.307389
3496.345964,0.306292
3498.27445,0.305267
3500.202937,0.304224
3502.131423,0.303153
3504.059909,0.301956
3505.988396,0.300727
3507.916882,0.299576
3509.845369,0.298363
3511.773855,0.297163
3513.702342,0.29589
3515.630828,0.294631
3517.559315,0.293408
3519.487801,0.292149
3521.416288,0.290913
3523.344774,0.289614
3525.273261,0.288192
3527.201747,0.286757
3529.130234,0.285373
3531.05872,0.283891
3532.987206,0.282423
3534.915693,0.280926
3536.844179,0.279333
3538.772666,0.277777
3540.701152,0.276238
3542.629639,0.274724
3544.558125,0.27312
3546.486612,0.271395
3548.415098,0.269538
3550.343585,0.267723
3552.272071,0.265942
3554.200558,0.264016
3556.129044,0.262115
3558.057531,0.26021
3559.986017,0.258294
3561.914503,0.256353
3563.84299,0.254552
3565.771476,0.252854
3567.699963,0.250791
3569.628449,0.248487
3571.556936,0.24631
3573.485422,0.244283
3575.413909,0.242258
3577.342395,0.240262
3579.270882,0.238219
3581.199368,0.236142
3583.127855,0.234204
3585.056341,0.232439
3586.984828,0.230642
3588.913314,0.228372
3590.8418,0.225995
3592.770287,0.223889
3594.698773,0.221818
3596.62726,0.219638
3598.555746,0.217433
3600.484233,0.215276
3602.412719,0.212986
3604.341206,0.210751
3606.269692,0.208701
3608.198179,0.206564
3610.126665,0.204085
3612.055152,0.201541
3613.983638,0.19911
3615.912125,0.1967
3617.840611,0.194537
3619.769097,0.191957
3621.697584,0.189001
3623.62607,0.186309
3625.554557,0.184074
3627.483043,0.182267
3629.41153,0.179381
3631.340016,0.175633
3633.268503,0.172353
3635.196989,0.169234
3637.125476,0.166113
3639.053962,0.162975
3640.982449,0.159842
3642.910935,0.156711
3644.839422,0.153793
3646.767908,0.151262
3648.696394,0.148408
3650.624881,0.144557
3652.553367,0.140466
3654.481854,0.137233
3656.41034,0.133935
3658.338827,0.130197
3660.267313,0.126777
3662.1958,0.123481
3664.124286,0.120356
3666.052773,0.117503
3667.981259,0.115232
3669.909746,0.112791
3671.838232,0.109662
3673.766719,0.107401
3675.695205,0.105011
3677.623691,0.101672
3679.552178,0.098941
3681.480664,0.09674
3683.409151,0.094745
3685.337637,0.093401
3687.266124,0.092591
3689.19461,0.091059
3691.123097,0.088862
3693.051583,0.087155
3694.98007,0.085718
3696.908556,0.084509
3698.837043,0.083487
3700.765529,0.082594
3702.694016,0.081526
3704.622502,0.080296
3706.550988,0.079568
3708.479475,0.079021
3710.407961,0.078585
3712.336448,0.077576
3714.264934,0.076146
3716.193421,0.075359
3718.121907,0.0748
3720.050394,0.074413
3721.97888,0.073953
3723.907367,0.073507
3725.835853,0.073035
3727.76434,0.072337
3729.692826,0.072089
3731.621312,0.071948
3733.549799,0.071694
3735.478285,0.071197
3737.406772,0.070219
3739.335258,0.069185
3741.263745,0.069294
3743.192231,0.07029
3745.120718,0.069667
3747.049204,0.06855
3748.977691,0.06877
3750.906177,0.068607
3752.834664,0.067357
3754.76315,0.066122
3756.691637,0.065646
3758.620123,0.065474
3760.548609,0.064954
3762.477096,0.064544
3764.405582,0.064411
3766.334069,0.064172
3768.262555,0.064025
3770.191042,0.063724
3772.119528,0.063137
3774.048015,0.062776
3775.976501,0.062614
3777.904988,0.062591
3779.833474,0.06233
3781.761961,0.061907
3783.690447,0.061715
3785.618934,0.061481
3787.54742,0.061212
3789.475906,0.061004
3791.404393,0.060859
3793.332879,0.060791
3795.261366,0.06084
3797.189852,0.060752
3799.118339,0.061107
3801.046825,0.061438
3802.975312,0.060587
3804.903798,0.060373
3806.832285,0.060387
3808.760771,0.059632
3810.689258,0.059227
3812.617744,0.059361
3814.546231,0.060143
3816.474717,0.060026
3818.403203,0.059497
3820.33169,0.059747
3822.260176,0.059203
3824.188663,0.058582
3826.117149,0.058448
3828.045636,0.058279
3829.974122,0.058333
3831.902609,0.058363
3833.831095,0.05845
3835.759582,0.058983
3837.688068,0.05922
3839.616555,0.058513
3841.545041,0.057963
3843.473528,0.057717
3845.402014,0.057356
3847.3305,0.057265
3849.258987,0.057727
3851.187473,0.059221
3853.11596,0.06014
3855.044446,0.058832
3856.972933,0.057331
3858.901419,0.05706
3860.829906,0.057204
3862.758392,0.057436
3864.686879,0.05744
3866.615365,0.057361
3868.543852,0.057772
3870.472338,0.057643
3872.400825,0.057126
3874.329311,0.056971
3876.257797,0.056713
3878.186284,0.056831
3880.11477,0.056968
3882.043257,0.056841
3883.971743,0.057187
3885.90023,0.057161
3887.828716,0.056767
3889.757203,0.056943
3891.685689,0.056945
3893.614176,0.056564
3895.542662,0.056549
3897.471149,0.056869
3899.399635,0.057161
3901.328122,0.057289
3903.256608,0.057254
3905.185094,0.056881
3907.113581,0.056466
3909.042067,0.056433
3910.970554,0.056444
3912.89904,0.056482
3914.827527,0.056678
3916.756013,0.056798
3918.6845,0.056761
3920.612986,0.056671
3922.541473,0.056667
3924.469959,0.056686
3926.398446,0.056647
3928.326932,0.056655
3930.255419,0.056799
3932.183905,0.056859
3934.112391,0.056746
3936.040878,0.056694
3937.969364,0.056711
3939.897851,0.056792
3941.826337,0.056901
3943.754824,0.056918
3945.68331,0.056932
3947.611797,0.056989
3949.540283,0.056981
3951.46877,0.0569
3953.397256,0.056862
3955.325743,0.056899
3957.254229,0.056933
3959.182716,0.05692
3961.111202,0.056937
3963.039688,0.056952
3964.968175,0.056976
3966.896661,0.057065
3968.825148,0.057081
3970.753634,0.057029
3972.682121,0.057037
3974.610607,0.057116
3976.539094,0.057133
3978.46758,0.057068
3980.396067,0.057061
3982.324553,0.057092
3984.25304,0.057124
3986.181526,0.057131
3988.110013,0.05711
3990.038499,0.057095
3991.966985,0.057095
3993.895472,0.057094
3995.823958,0.057054
3997.752445,0.057033
3999.680931,0.057039
4001.609418,0.057045
